15
35
10
75
20
80
40
95
55
100
50
105
40
98
50
96
54
100
54
96
58
106
60
95
43
108
60
100
18
38
13
78
23
83
43
98
58
103
53
108
43
101
53
99
57
103
57
99
61
109
63
98
46
111
63
103
18
41
12
87
23
92
46
110
64
115
58
121
46
113
58
111
63
115
63
111
67
122
69
110
50
125
69
115
17
40
12
84
23
90
45
107
62
112
56
118
45
110
56
108
61
112
61
108
65
119
68
107
49
121
68
112
13
29
9
61
17
65
33
77
45
81
41
86
33
80
41
78
44
81
44
78
47
86
49
77
35
88
49
81
12
28
8
60
16
64
32
76
44
80
40
84
32
79
40
77
44
80
44
77
47
85
48
76
35
87
48
80
18
42
12
89
24
95
48
113
65
118
59
124
48
116
59
114
64
118
64
114
69
126
71
113
51
128
71
118
12
28
8
60
16
64
32
76
44
80
40
84
32
79
40
77
44
80
44
77
47
85
48
76
35
87
48
80
16
37
11
78
21
83
42
98
57
103
52
109
42
101
52
99
56
103
56
99
60
110
62
98
45
112
62
103
15
34
10
72
20
77
39
92
53
96
48
101
39
95
48
93
52
96
52
93
56
102
58
92
42
104
58
96
17
39
11
82
22
88
44
104
60
109
55
115
44
107
55
105
59
109
59
105
64
116
66
104
47
118
66
109
15
33
10
71
19
76
38
90
52
94
47
99
38
93
47
91
51
94
51
91
55
100
57
90
41
102
57
94
14
32
9
67
18
72
36
85
49
89
45
94
36
88
45
86
49
89
49
86
52
95
54
85
39
97
54
89
16
38
11
80
22
85
43
101
59
106
53
112
43
104
53
102
58
106
58
102
62
113
64
101
46
115
64
106
17
39
11
82
22
88
44
104
60
109
55
115
44
107
55
105
59
109
59
105
64
116
66
104
47
118
66
109
17
40
12
85
23
91
46
108
63
113
57
119
46
111
57
109
62
113
62
109
66
120
68
108
49
123
68
113
13
30
9
63
17
68
34
80
47
84
42
89
34
83
42
81
46
84
46
81
49
90
51
80
37
91
51
84
16
36
11
77
21
82
41
97
57
102
51
108
41
100
51
98
56
102
56
98
60
109
62
97
44
111
62
102
14
32
9
68
18
72
36
86
50
90
45
95
36
89
45
87
49
90
49
87
53
96
54
86
39
98
54
90
13
30
9
63
17
68
34
80
47
84
42
89
34
83
42
81
46
84
46
81
49
90
51
80
37
91
51
84
18
42
12
90
24
96
48
114
66
119
60
125
48
117
60
115
65
119
65
115
70
127
72
114
52
129
72
119
13
29
9
61
17
65
33
77
45
81
41
86
33
80
41
78
44
81
44
78
47
86
49
77
35
88
49
81
14
33
10
69
19
74
37
88
51
92
46
97
37
91
46
89
50
92
50
89
54
98
56
88
40
100
56
92
18
40
12
86
23
92
46
109
63
114
57
120
46
112
57
110
62
114
62
110
67
121
69
109
50
124
69
114
17
39
11
83
22
88
44
105
61
110
55
116
44
108
55
106
60
110
60
106
64
117
66
105
48
119
66
110
15
33
10
71
19
76
38
90
52
94
47
99
38
93
47
91
51
94
51
91
55
100
57
90
41
102
57
94
17
39
12
84
23
89
45
106
62
111
56
117
45
109
56
107
60
111
60
107
65
118








































































