2
1
3
3
0
1
1
0
0
1
0
1
5
1
3
1
3
0
1
0
1
1
1
3
1
0
0
0
1
0
2
4
1
1
4
2
6
6
1
0
0
1
1
0
1
0
2
1
1
3
5
1
1
2
4
1
3
0
0
1
1
2
0
1
0
2
1
3
3
2
3
1
0
5
1
4
2
1
2
2
2
3
2
2
3
1
1
7
0
0
2
6
0
7
3
2
2
1
0
1
1
1
10
8
3
6
3
1
1
1
1
8
6
5
7
1
1
1
1
1
4
4
11
8
6
62
7
10
8
8
5
10
9
6
1
0
3
3
0
1
4
5
6
2
7
15
12
1
0
2
0
1
1
1
0
1
0
2
2
1
4
1
0
4
9
1
2
2
0
5
2
5
9
6
5
7
7
4
4
9
7
9
8
9
9
12
3
0
8
6
7
2
6
2
5
8
4
7
5
5
0
1
7
2
2
4
1
1
7
12
5
6
5
1
1
10
10
6
8
4
4
5
5
2
0
2
7
5
5
5
4
6
1
2
29
2
6
1
6
3
4
5
2
1
2
0
1
0
6
8
0
1
1
4
11
13
5
1
4
1
8
11
4
0
4
3
3
2
5
2
0
0
1
0
0
6
3
5
9
9
10
8
4
0
4
1
1
0
2
2
0
0
0
2
1
3
10
11
2
0
0
1
4
0
0
4
1
2
4
3
1
11
12
4
24
0
2
54
19
24
2
1
3
5
0
3
0
0
1
0
0
0
1
27
0
1
5
0
0
0
1
1
2
1
1
1
1
1
1
16
27
1
0
1
4
0
1
0
2
0
0
1
0
3
2
1
1
0
16
2
0
1
1
4
5
1
4
3
3
3
8
0
1
0
0
1
1
0
0
1
1
2
0
1
9
6
5
3
3
2
4
4
5
3
5
0
1
3
1
2
1
2
1
18
1
4
7
1
2
14
3
3
1
5
0
2
6
3
0
2
5
1
0
1
1
1
5
5
5
2
3
4
1
1
1
5
4
4
2
1
0
3
4
8
4
1
4
0
5
2
4
7
1
2
1
5
2
1
3
2
2
1
1
0
3
1
5
7
3
0
2
6
3
7
9
14
8
5
2
3
4
1
5
6
8
3
1
1
4
2
3
5
20
7
4
7
3
5
15
4
5
8
4
8
9
7
4
15
6
10
4
11
10
3
1
1
6
2
1
2
1
2
4
1
4
25
0
6
1
4
2
4
0
3
3
7
5
2
6
0
4
5
2
1
1
1
6
5
0
1
5
1
22
15
12
4
4
2
4
7
0
9
9
12
7
7
4
10
0
3
3
1
0
9
9
8
6
5
3
4
3
10
3
0
4
7
0
1
1
7
9
12
11
9
3
4
4
1
6
3
2
13
7
0
2
4
3
4
4
4
0
2
5
1
2
0
4
1
4
1
0
0
1
4
3
2
2
5
1
0
1
0
0
0
7
0
0
1
0
3
0
3
0
0
0
5
0
1
1
2
0
4
5
0
1
2
0
4
0
1
1
0
0
0
1
1
2
1
1
1
4
3
2
0
1
3
0
2
8
22
20
2
1
1
1
1
0
1
1
0
0
22
1
1
1
0
0
0
1
1
0
2
1
0
0
0
2
2
1
2
1
1
1
1
1
4
4
1
1
1
1
1
1
0
1
0
0
0
1
2
0
0
2
3
0
0
0
1
5
2
