54
55
62
62
64
69
61
68
69
68
69
69
66
50
60
67
61
70
75
71
64
59
62
53
42
53
65
61
70
77
63
52
62
59
79
80
80
92
76
86
76
61
62
59
40
47
34
48
41
51
32
46
56
61
40
58
60
88
51
62
69
77
84
83
88
67
65
81
76
71
65
61
68
55
74
82
67
57
55
53
54
43
53
46
48
54
55
44
62
50
66
78
91
27
38
42
40
38
41
44
46
54
42
47
60
38
28
52
44
31
56
68
66
65
47
25
38
33
27
48
34
50
66
65
64
58
57
61
60
50
45
74
72
69
59
64
55
68
67
58
57
69
56
74
56
46
72
82
60
51
51
53
60
50
55
70
58
68
78
63
65
76
70
68
80
68
67
68
65
73
80
75
84
75
66
70
74
56
65
71
52
74
68
70
77
75
85
83
73
79
92
88
86
76
76
78
85
88
74
72
79
66
72
74
76
74
62
64
70
79
74
87
86
87
80
79
75
81
75
75
78
81
80
62
66
64
87
88
81
86
87
85
88
95
79
92
85
86
93
79
87
64
79
87
80
69
62
61
65
72
81
72
73
78
76
87
82
86
85
84
61
68
75
78
69
68
83
80
84
78
77
74
84
73
66
68
72
83
84
89
82
91
84
92
95
77
76
80
78
79
77
82
84
65
57
50
71
69
77
74
75
72
67
80
83
69
68
73
53
60
88
84
89
71
78
75
78
90
89
93
81
92
79
58
76
58
72
72
67
65
79
69
64
63
62
82
82
70
82
86
77
77
74
75
77
69
59
70
67
84
87
79
88
78
66
73
65
73
64
63
70
75
74
64
65
63
68
68
85
72
69
68
65
50
47
62
42
62
54
57
54
54
57
69
70
76
68
75
71
65
77
64
60
68
46
58
57
58
62
64
60
50
58
62
58
64
59
55
49
55
61
55
65
69
73
78
68
46
51
69
89
88
81
27
66
71
86
52
62
57
49
55
41
64
75
77
73
43
44
45
34
42
54
57
58
86
60
58
61
48
66
72
69
33
34
49
58
66
68
60
60
67
68
73
65
62
62
58
68
56
53
35
43
64
63
70
60
66
67
61
62
65
59
52
61
43
60
48
66
69
90
65
53
50
30
42
47
52
59
68
59
70
66
64
64
63
56
48
58
58
64
59
56
57
61
60
56
62
64
52
66
60
66
74
66
68
66
54
52
56
69
60
64
67
68
84
86
80
71
71
55
81
68
75
78
58
70
62
80
84
60
68
81
75
76
70
77
84
87
76
69
67
63
82
66
90
87
84
76
76
60
64
70
78
78
82
84
86
84
94
92
82
76
88
84
72
80
83
82
81
83
70
88
91
83
65
92
67
76
76
74
68
64
87
76
76
58
81
78
72
70
52
86
86
75
78
73
73
84
79
90
80
78
64
83
69
60
78
87
86
89
77
73
80
71
77
71
74
86
69
75
84
76
74
74
69
80
69
75
77
87
79
87
91
92
73
90
74
75
81
88
74
76
80
68
87
86
68
77
83
67
75
79
89
82
71
70
61
70
64
69
56
52
62
59
62
62
79
84
92
89
76
71
72
67
60
69
66
65
64
70
71
63
51
69
65
65
64
67
65
78
62
63
69
40
82
52
49
68
64
71
64
66
56
66
67
44
69
75
72
71
68
69
65
67
92
72
79
79
78
85
89
94
90
91
94
70
74
72
78
