0
0
0
0
0
0
0
0
0
0
0
0
0
0
0
0
0
0
0
0
0
0
0
0
0
0
0
0
0
0
0
0
0
0
0
0
0
0
0
0
0
0
0
0
0
0
0
0
0
0
0
0
0
0
0
0
0
0
0
0
0
0
0
0
0
0
9
0
0.2
4
0
0
1
0
0
0
0
0
0
0
0
0
0
0
0
0
4
0
0
0
0
0
0
0
0
0
0
0
0
0
0
0
0
0
0
0
1
0
0
0
0
0
0
0
0
0
0
0
0
0
0
0
0
0
0
0
0
0
0
0
1
0
0
0
15
48
23
3
3
35
0
0
0
0
0
0
0
0
0
0
21
2
0.4
2
1
0
0.8
0.7
0
0
0
64
0
4
4
0
29
0
0
0
0
0
0
0
0
20
0
61
0
1
27
0
0
25
30
0.2
0
0
18
22
0
0
0
6
0
18
0.5
1
0
0
1
1
1
0
36
1
6
3
14
0
13
12
0
0
0
0
8
7
6
0
7
14
0
22
47
4
4
10
0.5
3
2
0.4
4
21
1
0
0
0
8
0
0.2
6
0
0
1
2
2
2
23
10
35
0
0.4
29
0
0
0
118
0
63
0.2
0
1
18
0
0.5
0
0
9
8
3
4
2
0
55
0
0
2
0
3
4
0
0
1
1
0
0
1
2
0
0
0
0
0
0.2
10
0.2
0
0
0
0
21
85
0
0
0
0
0
2
18
0.6
0.6
45
0
0
0
0
0
0
0
0
0
0
0
0
1
1
1
0
0
0
0
0
0
0
0
0
0
0
0
20
0.2
0
0
0
0
0
0
0
0
0
0
0
0
0
0
0
0
0
0
0
0
0
0
0
0
0
0
0
0
0
0
0
0
0
0
0
0
0
0
0
0
0
0
0
0
0
0
0
0
0
0
0
0
0
0
0
0
0
0
0
0
0
0
0
0
0
0
0
0
3
7
4
0
0
0
0.4
0
0
0
0
0
0
0
0
0
1
0
0
0
0
0
0
0
0
0
0
0
0
0
0
0
0
0
0
0
0
0
0
0
8
12
0
0
0
0
0
0
0
0
0
0
0
0
6
6
6
0
0
0
0
0
0
0
0
0
0
0
33
24
1
0
0
0
0
0
0
0
0
0
0
0
8
0
0
0
0
0
0
0
0
0
0
0
0
0
0
5
22
0
0
15
0
22
1
1
1
0
0
0
0
0
0
29
0
0.6
0
0.3
0.2
1
27
0
15
0
3
3
0
0
80
0
3
0
14
0
35
0
0.6
0
0
0
0
0
0.5
0
5
0.2
4
0
0
0
0
0
0
0.2
5
39
15
19
1
50
10
3
0
0.4
1
0.6
62
0
30
2
26
2
0.2
0
1
0
0
0
3
5
0
0
0.1
0
0
1
0
0
0
0
1
1
4
0
0
0
3
18
0.6
0
7
8
0.4
0
0
0.4
0.4
0
0
13
0
0
3
3
0
1
1
0
0
0
8
0
3
4
0
0
8
0
0
0
1
0
0.2
25
1
0
12
0
0
0
17
0
0
0
42
0
0
0
0
0
2
26
1
7
1
0
0
22
0
0
0
0
0
0
0
0
0
0
0
0
0
0
1
23
18
19
0
0
0
0
0
0
0
0
0
0
0
0
0
0
0
0
0
0
0
0
0
0
0
0
0
0
0
0
0
0
0
0
0
0
0
0
0
0
0
0
0
0
0
0
0
0
0
0
0
0
0
0
0
0
0
0
0
0
0
0
0
0
0
0

