20
20
18
20
20
21
22
21
22
22
22
23
19
18
20
20
22
20
22
22
22
22
22
22
20
20
18
20
18
17
19
18
17
17
14
12
16
13
17
16
16
18
13
15
17
17
14
17
16
18
23
20
19
18
23
19
20
16
22
20
22
22
22
21
20
23
22
19
20
22
21
22
18
22
20
18
20
18
20
20
20
19
20
22
22
23
24
24
23
24
22
21
19
26.5
23
22
22
22
19
22
26
28
26
26
24
22
23
22
24
28
26
27
26
28
28
28
28
28
29
24
30
29
30
30
30
29
29
29
28
25
29
23
22
19
28
28
28
28
26
29
30
30
34
28
28
27
27
23
26
28
30
30
28
28
26
29
32
29
26
30
31
28
28
28
24
28
29
27
30
27
27
26
29
30
30
32
32
31
32
32
32
34
32
30
30
27
26
26
27
28
26
24
26
28
28
30
26
24
30
30
30
31
30
29
30
28
30
32
30
28
29
29
28
28
30
28
28
27
28
28
28
31
28
31
30
30
26
27
30
28
29
27
26
24
28
28
28
26
26
28
26
32
29
28
28
30
30
30
30
29
27
31
30
28
28
28
28
28
28
28
28
27
30
27
30
30
27
28
29
28
27
28
28
29
30
30
30
28
28
27
28
26
28
27
28
29
28
31
29
28
27
30
30
32
31
28
28
27
27
28
28
30
28
27
28
30
28
31
32
30
26
25
28
27
28
29
27
26
24
28
24
26
30
22
26
22
22
25
25
22
25
26
26
28
24
26
26
24
22
26
26
26
26
26
26
26
21
24
20
20
22
19
25
28
23
24
22
24
23
22
23
22
24
24
22
22
23
18
22
21
22
21
21
21
19
25
20
20
22
20
21
16
18
12
12
14
18
18
18
16
19
23
16
23
20
20
20
20
21
21
20
20
20
20
20
21
20
19
18
17
18
20
19
20
20
23
18
14
17
16
18
16
21
12
16
14
17
12
18
18
19
26
24
23
22
21
19
18
18
17
14
17
19
20
20
18
20
21
21
18
22
24
23
22
22
20
24
25
22
22
20
24
24
26
26
26
26
25
28
25
29
22
28
28
22
22
28
28
24
25
26
28
29
28
28
28
27
26
23
21
26
27
26
28
26
28
26
28
26
28
28
28
30
28
30
31
31
30
29
28
30
30
30
30
31
30
28
28
29
25
30
27
31
29
28
28
29
30
27
27
27
30
30
26
22
28
27
30
28
26
29
27
27
31
28
33
30
29
24
33
29
26
26
27
28
28
28
30
28
29
31
33
26
27
26
27
26
28
28
31
31
29
29
27
30
29
27
27
26
27
28
26
28
28
27
28
28
30
28
28
29
26
28
28
31
29
30
28
28
28
30
30
27
30
30
29
28
27
28
28
34
26
28
30
29
32
27
27
30
28
29
29
29
28
26
26
28
30
30
30
33
30
28
28
26
27
30
30
30
29
30
29
27
28
27
28
28
30
28
30
28
30
27
28
32
29
29
28
27
28
25
28
29
30
26
30
27
26
30
28
26
30
28
26
30
28
27
28
28
28
28
30
29
28
30
29
30
30
28
28
29
27
23
20
21
22
24
25
26
26
26
26
26
26
22
22
26
27
24
24
24
24
24
23
20
22
22
23
20
19
20
22
22
22
18
23
18
23
22
19
27
23
22
23
24
23
22
24
24
20
23
22
22
21
17
18
17
17
16
16

